100 200
10 1 2 3 4 5 6 7 8 9 10
10 11 12 13 14 15 16 17 18 19 20
1 16
2 26
2 64
2 73
2 95
3 74
3 75
3 87
3 90
4 16
4 33
4 45
4 55
4 90
5 52
5 67
5 76
5 87
6 33
6 52
6 97
7 15
8 11
8 30
8 55
8 60
8 75
8 76
9 49
9 53
9 54
9 55
9 62
9 66
9 72
9 79
9 96
10 20
10 62
10 89
11 25
11 51
12 42
12 71
13 56
13 60
13 94
13 99
14 28
14 67
15 17
15 63
15 79
16 20
16 67
16 69
16 90
17 57
17 83
17 85
17 89
18 40
18 52
18 76
19 35
19 39
19 42
19 59
19 79
20 32
20 42
20 43
20 92
21 62
21 88
22 39
22 41
22 44
23 24
23 31
23 32
23 59
23 71
23 95
23 96
24 100
25 47
25 63
25 77
25 82
25 99
26 57
26 61
28 59
29 48
29 55
29 85
29 93
30 58
30 69
31 71
32 72
32 75
33 47
33 62
33 63
33 81
33 82
34 45
34 54
36 73
36 74
37 43
37 51
37 87
38 40
38 85
38 96
39 51
39 99
40 45
40 55
40 90
41 67
41 79
41 94
42 76
42 92
43 86
44 45
44 56
44 65
44 66
44 68
45 56
45 77
46 54
46 94
48 56
48 76
48 92
49 61
49 87
49 89
49 93
50 81
50 95
51 67
51 77
52 64
52 82
52 88
53 56
53 67
53 99
54 57
54 68
54 81
56 74
56 97
56 100
57 98
59 61
59 93
59 99
60 67
61 62
61 78
62 79
62 93
63 72
63 76
64 72
64 92
65 75
65 96
67 70
67 71
69 93
70 94
72 74
73 86
73 96
76 98
77 88
78 79
78 80
78 84
78 87
79 86
80 82
82 95
83 94
83 95
86 93
86 94
87 92
88 97
89 93
90 93
