200 400
20 1 2 3 4 5 6 7 8 9 10 11 12 13 14 15 16 17 18 19 20
20 21 22 23 24 25 26 27 28 29 30 31 32 33 34 35 36 37 38 39 40
1 91
1 129
2 46
2 83
2 94
2 111
2 114
2 119
3 22
3 43
3 55
3 85
3 104
3 123
3 126
3 193
4 53
4 75
4 113
4 127
4 143
4 147
4 179
5 11
5 26
5 67
5 85
5 186
6 77
6 91
6 136
6 181
7 54
7 99
7 173
8 12
8 20
8 24
8 61
8 142
8 157
9 78
9 101
9 122
9 153
9 176
9 181
9 183
10 54
10 61
11 32
11 137
11 150
11 151
11 156
12 32
12 162
12 198
13 22
13 25
13 89
13 99
13 141
13 149
14 34
14 74
14 83
14 103
14 134
14 137
15 110
15 172
16 44
16 58
16 155
17 66
17 68
17 80
18 126
18 135
18 195
19 47
19 69
19 73
19 96
19 100
20 65
20 104
21 36
21 113
22 40
22 68
22 103
22 143
22 178
22 184
23 37
24 25
24 147
25 93
26 190
27 50
27 80
27 116
27 122
27 168
27 178
28 36
28 137
28 158
29 82
29 122
29 158
30 48
30 68
30 81
30 127
30 145
30 151
31 32
31 119
31 168
32 36
32 59
32 61
32 130
33 161
34 97
35 47
35 148
36 38
36 98
36 110
36 121
36 124
37 44
37 102
37 111
37 153
38 50
38 67
38 125
38 156
38 181
39 41
39 74
39 126
39 158
39 178
40 110
40 167
40 188
41 72
41 95
41 149
42 51
42 131
42 186
43 138
43 166
43 184
43 186
44 71
44 117
44 127
44 130
45 144
45 165
45 172
46 76
46 82
46 106
46 110
46 147
46 164
47 153
47 156
48 50
48 69
48 85
48 183
49 75
49 96
49 153
49 190
50 142
50 153
51 96
51 146
52 128
52 190
53 110
53 187
54 78
54 151
54 163
55 76
55 198
56 65
56 66
56 76
56 112
56 155
56 182
57 120
57 142
57 167
57 168
57 185
58 62
58 70
58 71
58 127
58 176
58 181
59 99
59 114
59 171
59 192
59 198
60 73
60 76
60 172
60 184
60 195
61 91
61 129
62 80
62 81
62 82
62 130
62 139
62 174
63 107
64 96
64 120
64 192
65 123
65 126
65 148
66 69
66 145
67 96
67 179
67 191
69 96
69 127
70 123
70 130
70 131
72 95
72 125
72 128
72 130
72 182
73 117
73 189
75 111
75 124
75 127
75 165
76 94
77 108
77 129
77 143
77 185
78 185
79 117
79 123
79 138
79 143
80 139
82 186
82 192
83 175
84 183
85 95
85 107
86 112
86 114
86 150
86 169
86 170
86 197
87 176
88 196
89 162
89 187
90 146
91 102
91 196
92 131
92 200
96 112
96 199
96 200
97 117
97 156
98 136
98 167
98 174
99 105
99 123
99 145
99 162
100 198
101 138
101 181
102 168
102 170
102 198
103 134
103 158
104 108
104 115
104 133
104 157
105 130
105 156
106 172
107 112
107 188
107 192
108 146
108 194
112 113
112 157
112 167
113 139
113 142
113 169
115 181
115 199
117 135
118 119
118 147
119 190
121 128
121 142
121 145
121 192
122 192
124 127
124 158
126 142
126 169
128 131
128 196
129 133
129 159
130 136
131 187
132 181
133 138
133 159
133 161
133 166
133 189
133 191
133 200
134 174
135 154
136 165
137 166
140 148
141 169
141 183
142 157
143 179
143 182
145 159
145 179
146 158
147 171
148 165
152 158
152 190
153 181
153 186
156 179
157 167
157 199
160 175
162 165
162 189
163 187
163 198
165 179
167 195
171 199
173 194
174 187
175 183
177 178
177 182
177 186
178 198
180 192
187 194
187 199
